matriz1 = [1 2 3 4; 4 5 6 7; 9 8 19 1]
matriz2 = [7 8 9 5; 10 11 12 14; 2 3 4 5];

soma = matriz1 + matriz2